[gd_scene load_steps=9 format=2]

[sub_resource type="SpatialMaterial" id=9]
albedo_color = Color( 0.584314, 1, 0.894118, 1 )

[sub_resource type="CubeMesh" id=2]
material = SubResource( 9 )
size = Vector3( 0.5, 5, 4 )

[sub_resource type="ConcavePolygonShape" id=8]
data = PoolVector3Array( -0.25, 2.5, 2, 0.25, 2.5, 2, -0.25, -2.5, 2, 0.25, 2.5, 2, 0.25, -2.5, 2, -0.25, -2.5, 2, 0.25, 2.5, -2, -0.25, 2.5, -2, 0.25, -2.5, -2, -0.25, 2.5, -2, -0.25, -2.5, -2, 0.25, -2.5, -2, 0.25, 2.5, 2, 0.25, 2.5, -2, 0.25, -2.5, 2, 0.25, 2.5, -2, 0.25, -2.5, -2, 0.25, -2.5, 2, -0.25, 2.5, -2, -0.25, 2.5, 2, -0.25, -2.5, -2, -0.25, 2.5, 2, -0.25, -2.5, 2, -0.25, -2.5, -2, 0.25, 2.5, 2, -0.25, 2.5, 2, 0.25, 2.5, -2, -0.25, 2.5, 2, -0.25, 2.5, -2, 0.25, 2.5, -2, -0.25, -2.5, 2, 0.25, -2.5, 2, -0.25, -2.5, -2, 0.25, -2.5, 2, 0.25, -2.5, -2, -0.25, -2.5, -2 )

[sub_resource type="Curve3D" id=1]
_data = {
"points": PoolVector3Array( 0, 0, 0, 0, 0, 0, 0.749037, 3.02676, -6.29311, 0, 0, 0, 0, 0, 0, 0.272959, 3.07253, 9.67162 ),
"tilts": PoolRealArray( 0, 0 )
}

[sub_resource type="Animation" id=5]
length = 4.0
loop = true
tracks/0/type = "value"
tracks/0/path = NodePath("Path/PathFollow:loop")
tracks/0/interp = 1
tracks/0/loop_wrap = true
tracks/0/imported = false
tracks/0/enabled = true
tracks/0/keys = {
"times": PoolRealArray( 0 ),
"transitions": PoolRealArray( 1 ),
"update": 0,
"values": [ true ]
}
tracks/1/type = "bezier"
tracks/1/path = NodePath("Path/PathFollow:unit_offset")
tracks/1/interp = 1
tracks/1/loop_wrap = true
tracks/1/imported = false
tracks/1/enabled = true
tracks/1/keys = {
"points": PoolRealArray( 0, -0.25, 0, 0.25, 0 ),
"times": PoolRealArray( 0 )
}

[sub_resource type="Animation" id=7]
resource_name = "block-wall-jump"
length = 4.0
loop = true
tracks/0/type = "value"
tracks/0/path = NodePath("Path/PathFollow:unit_offset")
tracks/0/interp = 1
tracks/0/loop_wrap = true
tracks/0/imported = false
tracks/0/enabled = true
tracks/0/keys = {
"times": PoolRealArray( 0, 2, 4 ),
"transitions": PoolRealArray( 1, 1, 1 ),
"update": 0,
"values": [ 0.0, 1.0, 0.0 ]
}

[sub_resource type="Animation" id=6]
resource_name = "move_platform"
length = 4.0
loop = true
tracks/0/type = "value"
tracks/0/path = NodePath("Path/PathFollow:unit_offset")
tracks/0/interp = 1
tracks/0/loop_wrap = true
tracks/0/imported = false
tracks/0/enabled = true
tracks/0/keys = {
"times": PoolRealArray( 0, 2, 4 ),
"transitions": PoolRealArray( 1, 1, 1 ),
"update": 0,
"values": [ 0.0, 1.0, 0.0 ]
}

[sub_resource type="Animation" id=4]
resource_name = "moving-plat"
length = 4.0

[node name="Spatial" type="Spatial"]

[node name="KinematicBody" type="KinematicBody" parent="."]
transform = Transform( 0.995592, -0.007482, 0.0935086, 0.0194003, 0.991684, -0.127215, -0.0917785, 0.128468, 0.987457, 0.422669, 3.41481, 4.18032 )
motion/sync_to_physics = true

[node name="MeshInstance" type="MeshInstance" parent="KinematicBody"]
transform = Transform( 0.992669, 0.0133279, -0.120144, 0.00114463, 0.992823, 0.119593, 0.120876, -0.118854, 0.985528, 0.0976139, -0.117618, -1.008 )
mesh = SubResource( 2 )

[node name="CollisionShape" type="CollisionShape" parent="KinematicBody"]
transform = Transform( 0.992669, 0.0133279, -0.120144, 0.00114463, 0.992823, 0.119593, 0.120876, -0.118854, 0.985528, 0.0976139, -0.117618, -1.008 )
shape = SubResource( 8 )

[node name="Path" type="Path" parent="."]
transform = Transform( 1, 0, 0, 0, 1, 0, 0, 0, 1, 0.0469007, 0.321942, -1.62518 )
curve = SubResource( 1 )

[node name="PathFollow" type="PathFollow" parent="Path"]
transform = Transform( 0.995592, -0.00748199, 0.0935086, 0.0194003, 0.991684, -0.127215, -0.0917785, 0.128468, 0.987457, 0.375538, 3.06267, 6.23176 )
offset = 12.5153

[node name="RemoteTransform" type="RemoteTransform" parent="Path/PathFollow"]
transform = Transform( 1, -9.31323e-10, -4.47035e-08, 0, 1, 3.72529e-08, 0, -7.45058e-08, 1, 0.0399376, -0.0248153, -0.424734 )
remote_path = NodePath("../../../KinematicBody")

[node name="AnimationPlayer" type="AnimationPlayer" parent="."]
autoplay = "block-wall-jump"
anims/RESET = SubResource( 5 )
anims/block-wall-jump = SubResource( 7 )
anims/move_platform = SubResource( 6 )
anims/moving-plat = SubResource( 4 )
